%YAML:1.0
---
width: 1333
height: 1000
K: !!opencv-matrix
   rows: 3
   cols: 3
   dt: d
   data: [ 9.4355902778056668e+02, 0., 6.6428664792275606e+02, 0.,
       9.4384685150158543e+02, 5.0476026089569064e+02, 0., 0., 1. ]
D: !!opencv-matrix
   rows: 8
   cols: 1
   dt: d
   data: [ 1.8914882302439696e-02, 1.6793216316534391e-03,
       -1.4282361870355761e-04, -6.4397103581610964e-04,
       -4.0529535096655384e-02, 0., 0., 0. ]
