%YAML:1.0
---
width: 1333
height: 1000
K: !!opencv-matrix
   rows: 3
   cols: 3
   dt: d
   data: [ 9.5095094039530284e+02, 0., 6.6453386015233150e+02, 0.,
       9.5116346028317889e+02, 5.0332463974628672e+02, 0., 0., 1. ]
D: !!opencv-matrix
   rows: 8
   cols: 1
   dt: d
   data: [ 1.4427549450264116e-02, 3.4016883602084179e-02,
       -6.8240343218619280e-04, -9.7857192660303380e-04,
       -1.0532017710966093e-01, 0., 0., 0. ]
