%YAML:1.0
---
width: 640
height: 480
K: !!opencv-matrix
   rows: 3
   cols: 3
   dt: d
   data: [ 4.7630553404519475e+02, 0., 3.2168091970089006e+02, 0.,
       4.7178973589748841e+02, 2.3690086452959932e+02, 0., 0., 1. ]
D: !!opencv-matrix
   rows: 8
   cols: 1
   dt: d
   data: [ 1.9728563094916132e-02, -3.5545202230617839e-01,
       -1.8453431100159080e-03, 1.2845870464781889e-03,
       7.3066490334026368e-01, 0., 0., 0. ]
